"R" "R" 1 "Kiefer" 1 7.46556266676635 -18.2696942356415 0.417362203397757 28.6332137619777 2.69650852713509 3.31823427608003
"R" "R" 2 "Kiefer" 1 -10.5371882556938 -7.51212179893628 0.361650971052313 30.6122539627943 2.01560710843198 2.48033949346176
"R" "R" 3 "Kiefer" 1 -15.497466060333 14.7946292650886 0.352224315133432 25.2695142970609 1.59238445744729 1.9595356863242
"R" "R" 4 "Kiefer" 1 12.5254784943536 12.0464955456555 0.388708147395977 28.3238221014817 2.69597748928248 3.31758079844897
"R" "R" 5 "Kiefer" 1 -23.485282540787 3.07977076154202 0.340725813626003 28.7396973095665 2.43314877688124 2.99415247124307
"R" "R" 6 "Kiefer" 1 -18.3049068087712 -4.00970537448302 0.338593143826305 26.8779916382637 2.34719466175428 2.88838017788139
"R" "R" 7 "Kiefer" 1 -17.2032138099894 22.2725749597885 0.367102133885085 28.6415275948487 1.9281119516386 2.37267084515556
"R" "R" 8 "Kiefer" 1 12.8525859443471 11.4970173919573 0.369581563431822 26.5716621150141 2.31669564086984 2.85084909074882
"R" "R" 9 "Kiefer" 1 17.2954040579498 1.57303829910234 0.30508110733751 26.8990123666596 2.15269321486083 2.64903312544885
"R" "R" 10 "Kiefer" 1 1.24245478073135 15.1147863944061 0.340266437476403 26.9972164401677 2.32070701518552 2.85578535540904
"R" "R" 11 "Kiefer" 1 -24.9086845084094 -1.54802909819409 0.375021143838395 30.6128157356857 2.69678801283367 3.31857820194393
"R" "R" 12 "Kiefer" 1 -14.2001145752147 20.5598714295775 0.275117133212192 25.3928373866566 1.98929332748282 2.44795862427477
"R" "R" 13 "Kiefer" 1 22.1685319556855 2.73036161670461 0.309819873136369 29.7055498428476 1.88361669496545 2.31791645282559
"R" "R" 14 "Kiefer" 1 16.9246162520722 -10.6059878948145 0.365412218884931 24.1218681415937 2.03923062396879 2.50940981094339
"R" "R" 15 "Kiefer" 1 10.2855500415899 -16.1637256154791 0.405204845090417 26.9908848946058 2.83580516144814 3.48964811062527
"R" "R" 16 "Kiefer" 1 -2.90873443009332 12.2860953677446 0.34304940702623 26.8980731420569 1.8372889417836 2.26090705085455
"R" "R" 17 "Kiefer" 1 23.0201894999482 19.7893764008768 0.305483065023563 26.5585560288757 1.88829636903311 2.32367510507383
"R" "R" 18 "Kiefer" 1 14.1624328331091 -13.0152689293027 0.431599197124518 29.2586370125007 2.90043368081012 3.56917783063215
"R" "R" 19 "Kiefer" 1 6.72505144029856 -5.23518783738837 0.339448646240206 28.2557557699021 2.01947793542268 2.48510280522883
"R" "R" 20 "Kiefer" 1 -4.56497791456059 12.6104787457734 0.404835290436188 28.3433742283609 2.84174063291145 3.49695210564552
"R" "R" 21 "Kiefer" 1 5.41481170803308 11.9636314222589 0.359998021043754 26.1840764876518 1.95466818175889 2.40535006427979
"R" "R" 22 "Kiefer" 1 13.6911361245438 10.179251478985 0.407715316071866 29.6448218972327 2.85002453138765 3.50714599733422
"R" "R" 23 "Kiefer" 1 11.7421312490478 -24.8003296786919 0.342607341559937 27.2288276911246 2.27964517260227 2.80525600898657
"R" "R" 24 "Kiefer" 1 20.9267425816506 5.42347027221695 0.245722175130289 25.7599625979808 1.61770011099534 1.99068829291868
"R" "R" 25 "Kiefer" 1 -20.522693102248 -6.07170589501038 0.32943368172555 26.9384468297654 2.04509652933554 2.51662820022432
"R" "R" 26 "Kiefer" 1 20.6865138257854 17.2452305676416 0.387413831908785 28.4597505111383 2.14837952370981 2.64372483968239
"R" "R" 27 "Kiefer" 1 -14.6835193270817 8.38550229091197 0.34780153238667 28.2012627471523 1.89990191484806 2.33795650619987
"R" "R" 28 "Kiefer" 1 12.3571599135175 -23.1581610743888 0.470873778759407 28.4470905717157 2.96389824499584 3.64727522586689
"R" "R" 29 "Kiefer" 1 -22.2852039965801 6.09512134687975 0.232823727690525 27.7387464233959 1.63402038160893 2.0107714785641
"R" "R" 30 "Kiefer" 1 -0.930602452717721 15.6940636574291 0.300739996992445 25.5182814134635 1.91215207131736 2.35303114389329
"R" "R" 31 "Kiefer" 1 -18.0781645700336 -10.388269694522 0.374683748404574 30.198297769132 2.60550395214726 3.20624705372715
"R" "R" 32 "Kiefer" 1 -0.0630893395282328 19.1260324674658 0.315605446434548 26.0819330439676 1.81766972686718 2.23676429337749
"R" "R" 33 "Kiefer" 1 2.63555329293013 24.4819115614519 0.375665146811967 28.3972504927812 3.15187752211474 3.87859631172729
"R" "R" 34 "Kiefer" 1 -10.2319510187954 2.84712890861556 0.34431592550849 27.608664872594 2.39495744825224 2.94715548442455
"R" "R" 35 "Kiefer" 1 9.53618879429996 -24.967010342516 0.429723561006717 30.0821961341807 2.86870432250593 3.53013273093248
"R" "R" 36 "Kiefer" 1 21.6037896112539 -0.202887377236038 0.384155103318741 28.6980856466076 1.83618699688402 2.25955103387951
"R" "R" 37 "Kiefer" 1 7.78792214114219 18.5958215966821 0.367930165833132 28.5716618799886 2.98719334596651 3.67594140723727
"R" "R" 38 "Kiefer" 1 -14.8420925717801 15.0174011359923 0.304893912144243 28.8498412753429 2.55299461784138 3.14163080232111
"R" "R" 39 "Kiefer" 1 21.4220748981461 -13.6261768639088 0.376788989384599 29.4977472128512 2.34423422812137 2.88473716609264
"R" "R" 40 "Kiefer" 1 -13.2478600484319 0.996099831536412 0.349409758774372 25.8861410622536 2.86179907025939 3.52163535573086
"R" "R" 41 "Kiefer" 1 16.0578452050686 2.00363249750808 0.288942261337176 25.7256916942256 2.29140243152309 2.81972410324669
"R" "R" 42 "Kiefer" 1 17.1307720243931 -11.665683076717 0.324530866332303 29.7271915263208 1.66022404475531 2.0430168404223
"R" "R" 43 "Kiefer" 1 -13.2402944844216 17.0210711890832 0.311924653950047 30.0420318363488 2.77767949905245 3.41812059148697
"R" "R" 44 "Kiefer" 1 -4.12063138792291 4.53708539716899 0.367378709645578 26.733877325541 1.86717639136416 2.2976855585525
"R" "R" 45 "Kiefer" 1 17.9796666023321 11.5401682793163 0.254201896430342 23.6661842575725 1.7551047460499 2.15977389570546
"R" "R" 46 "Kiefer" 1 -4.62539059808478 -14.2759679583833 0.279284996855368 27.0356736216596 1.93923224892624 2.38635511548094
"R" "R" 47 "Kiefer" 1 8.86820155428723 4.59632156416774 0.28369014092094 25.0287753998448 1.33377304514001 1.64129702923557
"R" "R" 48 "Kiefer" 1 -1.9568330142647 -22.4888134282082 0.301645321677042 26.5880612528285 1.94495194695177 2.3933935868398
"R" "R" 49 "Kiefer" 1 17.0845457119867 0.453034217935055 0.353849282105967 29.1440583896718 1.85634588163072 2.28435789121407
"R" "R" 50 "Kiefer" 1 21.9298094394617 -21.7517259996384 0.335938387947139 27.7137825866238 2.06785528330801 2.54463437070455
"R" "R" 51 "Kiefer" 1 -6.771860353183 16.5934729273431 0.311919570962431 27.4541996723574 2.03376585867008 2.50268505137284
"R" "R" 52 "Kiefer" 1 13.2270442205481 -11.4746758481488 0.297877592390967 26.9061797655516 2.15850300919589 2.65618246634859
"R" "R" 53 "Kiefer" 1 -16.3006312795915 -14.7323718410917 0.401024661698094 28.9892153898896 2.46673979038428 3.03548846230425
"R" "R" 54 "Kiefer" 1 -14.9331720429473 -11.5899144439027 0.388886698440602 33.8402940843788 2.21312883684034 2.7234032045087
"R" "R" 55 "Kiefer" 1 24.0441398695111 -11.8994007119909 0.353787205299007 26.2636064485106 2.65191396111222 3.26335767694641
"R" "R" 56 "Kiefer" 1 -11.1459211213514 -3.60550556797534 0.328629335139979 25.8860481171006 2.09696960886062 2.58046149752482
"R" "R" 57 "Kiefer" 1 -23.1911863083951 20.46397178201 0.342579608179103 29.232306397023 2.55341576690387 3.14214905443878
"R" "R" 58 "Kiefer" 1 -11.1590485321358 -14.7851809975691 0.305178928031238 30.2158542984757 1.76611193588007 2.1733189797318
"R" "R" 59 "Kiefer" 1 -8.99193891091272 -21.5268451021984 0.387219210120417 33.4064514879746 2.5890531621211 3.18600325520618
"R" "R" 60 "Kiefer" 1 18.2302252040245 -6.73084380105138 0.358431539721254 30.2837441012146 2.24721327501862 2.76534638766795
"R" "R" 61 "Kiefer" 1 2.08966220961884 4.96517217252403 0.319095373378111 25.0883166320461 2.03969252609861 2.50997821243886
"R" "R" 62 "Kiefer" 1 0.590372399892658 16.0746750188991 0.451045109200295 26.8640512737358 3.87084112202373 4.7633291566134
"R" "R" 63 "Kiefer" 1 -5.60760184889659 16.6516397497617 0.346337194040027 26.4520753115919 2.63056466189035 3.23708593490094
"R" "R" 64 "Kiefer" 1 6.55083684250712 21.7257715412416 0.393654034303787 29.2568719828929 3.2615087993277 4.01350493824106
"R" "R" 65 "Kiefer" 1 15.8379531116225 9.6016387687996 0.326472931145104 29.5431340375425 1.88818001313178 2.32353192134713
"R" "R" 66 "Kiefer" 1 7.07043420989066 -10.8612979762256 0.419518020400173 26.9990665273537 2.77828475141524 3.41886539504153
"R" "R" 67 "Kiefer" 1 6.91860417136922 13.7574728345498 0.387353551808481 28.4902242106948 2.30213622362176 2.83293275306022
"R" "R" 68 "Kiefer" 1 -20.876193291042 1.15273309638724 0.431182507206626 30.5462028278866 3.55575433014742 4.37559376389247
"R" "R" 69 "Kiefer" 1 19.0643534762785 11.1481914878823 0.428537100459437 31.2993020692219 2.8412274237635 3.49632056742919
"R" "R" 70 "Kiefer" 1 20.109577011317 -12.2084245551378 0.398884564587298 29.3326939984942 2.07352236637778 2.55160809583772
"R" "R" 71 "Kiefer" 1 19.4756784359924 -20.103450876195 0.409154571218587 30.8326577824375 2.95078605088048 3.63113979313588
"R" "R" 72 "Kiefer" 1 12.668989202939 -20.0718747801147 0.381977492903795 29.980148314986 2.69741733092076 3.31935261998345
"R" "R" 73 "Kiefer" 1 21.2555795791559 -23.8788150949404 0.329003060698735 28.0607923191771 2.27083542300032 2.79441502228146
"R" "R" 74 "Kiefer" 1 8.47359484760091 7.58804582292214 0.427726773376766 27.0482468372394 2.86276973556471 3.52282982437589
"R" "R" 75 "Kiefer" 1 -4.94419464375824 -5.24913518456742 0.303389743159868 25.3511816626877 1.71519938719341 2.11066767993629
"R" "R" 76 "Kiefer" 1 -5.75706019299105 -9.91294097620994 0.347184065195256 26.1179489246805 2.13413974360816 2.62620183690243
"R" "R" 77 "Kiefer" 1 4.04288902645931 5.46636718790978 0.468219750734198 29.0191245052678 2.86967127371367 3.53132262913177
"R" "R" 78 "Kiefer" 1 12.9483794793487 15.4768024338409 0.38244672215153 26.8400525450896 2.73059256699768 3.36017696908516
"R" "R" 79 "Kiefer" 1 17.4999042297713 -5.55363750318065 0.405349614924699 25.8759306289836 1.81090665728343 2.22844188346168
"R" "R" 80 "Kiefer" 1 -0.651214248500764 18.5252115014009 0.354019896756517 26.9924906055599 2.54586096020218 3.13285235899189
"R" "R" 81 "Kiefer" 1 19.3368716049008 -5.24925660574809 0.395513821308627 28.1298709918006 2.4984645639208 3.07452792014035
"R" "R" 82 "Kiefer" 1 -3.0080916476436 18.2295817881823 0.304715575977983 30.0695198997635 1.57853552438938 1.9424936469991
"R" "R" 83 "Kiefer" 1 13.4061082499102 22.0726957428269 0.351432283818844 27.681520193719 2.45682132411298 3.02328312550803
"R" "R" 84 "Kiefer" 1 -24.9960627639666 2.69851888297126 0.347276131106248 31.2205174465206 2.39681168985826 2.94943725286374
"R" "R" 85 "Kiefer" 1 -15.3048776090145 -19.6841770899482 0.422074317182702 29.5137271022416 2.94432654407311 3.62319093754017
"R" "R" 86 "Kiefer" 1 -4.82172123156488 6.16650611627847 0.427015533683705 31.2152949677489 2.80206929974857 3.44813387416055
"R" "R" 87 "Kiefer" 1 19.909858063329 -21.8691089539789 0.373474997809246 23.4404853652632 1.58867223232469 1.95496754477434
"R" "R" 88 "Kiefer" 1 -19.8210014030337 10.5314253596589 0.357972240184801 25.7507034329641 1.81592183232147 2.23461339211604
"R" "R" 89 "Kiefer" 1 -17.8687620908022 -22.6185312261805 0.317591198164417 27.4600249644687 1.80056189787157 2.21571196441532
"R" "R" 90 "Kiefer" 1 2.78485063463449 20.2009953092784 0.402529013107402 24.6711952693396 2.48644576635189 3.05973798506352
"R" "R" 91 "Kiefer" 1 -5.14590031234547 17.7279306808487 0.356282071479022 30.5747593902783 1.98462957255523 2.44221956159419
"R" "R" 92 "Kiefer" 1 11.5295800380409 -19.7598924161866 0.324928804747612 26.9587840950397 1.97802538725517 2.43409266942688
"R" "R" 93 "Kiefer" 1 -21.5012545697391 -16.2986793206073 0.373097354266453 26.3291997393168 2.34829147302867 2.88972987758693
"R" "R" 94 "Kiefer" 1 -22.4277485045604 -4.22197900479659 0.297133683192123 25.2465794517377 1.46523992563016 1.80307582749334
"R" "R" 95 "Kiefer" 1 20.619419158902 -22.3276797914878 0.36468401935327 32.5973600213106 1.74588769804823 2.14843170105053
"R" "R" 96 "Kiefer" 1 10.6934628798626 -13.7307832599618 0.406037752684828 25.2800274182479 3.2112708875599 3.9516838243417
