"R" "R" 1 "Kiefer" 1 -0.0649476051330566 -3.4349653031677 7.42426426560758 174.104796686503 0.087710746880472 0.087710746880472
"R" "R" 2 "Trauben-Eiche" 2 4.30667116772383 5.34529419615865 12.2838521325015 226.741707559573 0.14531662339654 0.14531662339654
"R" "R" 3 "Trauben-Eiche" 2 2.26525236852467 4.63032315019518 6.33668978397882 160.222247808663 0.0748396288760583 0.0748396288760583
"R" "R" 4 "Kiefer" 1 -1.88493313733488 -8.83664957713336 2.82174158712675 104.810852851404 0.0332939503909653 0.0332939503909653
"R" "R" 5 "Trauben-Eiche" 2 7.72111414000392 -1.57395123969764 4.61744068625707 135.709539232174 0.054508545016579 0.054508545016579
"R" "R" 6 "Kiefer" 1 2.47548690065742 0.732803121209145 1.85743572825553 84.1659905132943 0.0219101973499979 0.0219101973499979
"R" "R" 7 "Trauben-Eiche" 2 1.38574058189988 4.98284150846303 2.793021074723 104.249848455858 0.0329548135977452 0.0329548135977452
"R" "R" 8 "Trauben-Eiche" 2 7.64203858561814 9.65535185299814 2.70707916360021 102.554534656686 0.0319400286900218 0.0319400286900218
"R" "R" 9 "Kiefer" 1 2.50943411607295 1.38090503867716 7.45362030460949 174.465605819849 0.088058273574012 0.088058273574012
"R" "R" 10 "Kiefer" 1 7.9490275727585 -5.65958694554865 4.63529941323679 135.984639614504 0.0547196355263723 0.0547196355263723
"R" "R" 11 "Trauben-Eiche" 2 -1.34568010922521 6.60144154448062 16.3142606882169 263.13562767687 0.193210029137789 0.193210029137789
"R" "R" 12 "Kiefer" 1 -9.24176092725247 4.29516930133104 6.70761702810362 165.075853130816 0.0792285760164879 0.0792285760164879
"R" "R" 13 "Trauben-Eiche" 2 1.19239392690361 2.81208505388349 8.28784659134181 184.45081864617 0.0979364717417408 0.0979364717417408
"R" "R" 14 "Trauben-Eiche" 2 6.73097284510732 -6.17841860279441 11.0981676952539 214.983538152576 0.13124725661484 0.13124725661484
"R" "R" 15 "Trauben-Eiche" 2 0.35272631328553 9.49401322286576 3.48704976965409 117.122054579495 0.0411515284276737 0.0411515284276737
"R" "R" 16 "Trauben-Eiche" 2 -5.62775060068816 1.34806889574975 4.43078507689117 132.803390653 0.0523023962904238 0.0523023962904238
"R" "R" 17 "Kiefer" 1 0.887322798371315 -7.32149322517216 5.32331776614625 146.224746148677 0.0628536076698081 0.0628536076698081
"R" "R" 18 "Eberesche" 5 -9.52976080588996 7.97169282566756 4.90066073559075 140.014523836783 0.0578564563920106 0.0578564563920106
"R" "R" 19 "Trauben-Eiche" 2 7.05292839556932 1.33943628985435 0.718888053914624 51.1526269960968 0.00847729389194098 0.00847729389194098
"R" "R" 20 "Trauben-Eiche" 2 -9.16865598876029 7.82432687934488 12.5624705970657 229.425291383746 0.148624046907849 0.148624046907849
"R" "R" 21 "Kiefer" 1 -0.441075884737074 1.56720130238682 10.7851388829297 211.780874201645 0.127534375102686 0.127534375102686
"R" "R" 22 "Kiefer" 1 0.194997806102037 3.60786652192473 6.24532994628778 159.006222980775 0.0737587633123207 0.0737587633123207
"R" "R" 23 "Kiefer" 1 -1.46796014625579 -5.43847878929228 5.14094373568255 143.574937411679 0.0606972234965692 0.0606972234965692
"R" "R" 24 "Trauben-Eiche" 2 -3.72481112368405 -0.143969403579831 6.80829263175224 166.37102993506 0.0804199612756341 0.0804199612756341
"R" "R" 25 "Trauben-Eiche" 2 -4.51569782104343 9.63730294723064 9.91193563321737 202.605390832563 0.117180553881879 0.117180553881879
"R" "R" 26 "Trauben-Eiche" 2 -5.0011788867414 -4.76738969329745 1.98931843340124 87.2498753256082 0.0234667319327851 0.0234667319327851
"R" "R" 27 "Kiefer" 1 -7.81062891241163 0.871758051216602 14.3288053633253 245.818415570046 0.169603612250723 0.169603612250723
"R" "R" 28 "Trauben-Eiche" 2 -0.655349316075444 -6.52144876308739 2.32950876483836 94.7832470930523 0.027482322780832 0.027482322780832
"R" "R" 29 "Trauben-Eiche" 2 6.12583728972822 -6.94033742882311 21.9462656874882 307.429050560897 0.260312435620847 0.260312435620847
"R" "R" 30 "Kiefer" 1 -3.02252769470215 -5.7119858590886 10.4666857449242 208.477033491509 0.123757809694807 0.123757809694807
"R" "R" 31 "Kiefer" 1 -7.70002242643386 -9.95818809140474 6.79354716489799 166.181903553599 0.0802454607352386 0.0802454607352386
"R" "R" 32 "Trauben-Eiche" 2 -5.71802962105721 -1.27191683743149 6.58828724325765 163.528664396469 0.0778165244886166 0.0778165244886166
"R" "R" 33 "Trauben-Eiche" 2 5.03410898149014 1.91670590545982 22.2015115185102 309.299637114071 0.263358450058881 0.263358450058881
"R" "R" 34 "Kiefer" 1 -0.283259707503021 -4.31159521453083 5.84832211762004 153.620900569028 0.0690624501334794 0.0690624501334794
"R" "R" 35 "Kiefer" 1 -7.44999994058162 6.04694255627692 5.03522034437827 142.018338852611 0.0594472529901277 0.0594472529901277
"R" "R" 36 "Trauben-Eiche" 2 9.21520653180778 -7.54220388364047 15.0623934785911 252.342207436206 0.178322745438161 0.178322745438161
"R" "R" 37 "Kiefer" 1 -5.18276639282703 4.38657658640295 11.785225543068 221.865772989339 0.139398789888207 0.139398789888207
"R" "R" 38 "Trauben-Eiche" 2 -7.97095463145524 9.01378964539617 12.2608638527399 226.519004098763 0.145043756748749 0.145043756748749
"R" "R" 39 "Kiefer" 1 6.20206372346729 -9.22624038998038 4.01295216540018 126.078924455829 0.0473647036608353 0.0473647036608353
"R" "R" 40 "Kiefer" 1 -0.0129678286612034 4.16731643024832 8.85406844688707 190.957751646275 0.10464377153829 0.10464377153829
"R" "R" 41 "Kiefer" 1 8.43437626957893 4.23656854312867 8.64080399319579 188.530848992726 0.102117257588798 0.102117257588798
"R" "R" 42 "Kiefer" 1 -9.53534140251577 -4.83684279955924 21.4986291272811 304.123361824912 0.254971522098838 0.254971522098838
"R" "R" 43 "Kiefer" 1 7.91876890696585 4.73507074639201 4.10919012481736 127.656177707415 0.0485018839536239 0.0485018839536239
"R" "R" 44 "Kiefer" 1 3.09335224796087 7.4945482192561 17.0272516444973 269.107174580203 0.201693524386447 0.201693524386447
"R" "R" 45 "Trauben-Eiche" 2 1.85276926029474 -9.65370384510607 7.04464588839397 169.376367224542 0.0832172020198552 0.0832172020198552
"R" "R" 46 "Trauben-Eiche" 2 4.07415913883597 -6.30680317524821 13.1908870040336 235.376071082871 0.156085707233191 0.156085707233191
"R" "R" 47 "Kiefer" 1 6.35248428676277 -2.52065665554255 4.9456953845501 140.688043310352 0.0583888538953833 0.0583888538953833
"R" "R" 48 "Trauben-Eiche" 2 -9.69650988001376 5.07939185481519 3.18510891785333 111.687364522726 0.0375851188102747 0.0375851188102747
"R" "R" 49 "Trauben-Eiche" 2 8.58606608584523 -8.07244864292443 23.1832914347308 316.401132718637 0.275078622841863 0.275078622841863
"R" "R" 50 "Trauben-Eiche" 2 -1.24779641628265 5.99551260471344 8.56145977549597 187.620673638785 0.101177353417339 0.101177353417339
"R" "R" 51 "Kiefer" 1 6.46044474095106 3.345658457838 3.83621879293523 123.134839483901 0.0452765194261105 0.0452765194261105
"R" "R" 52 "Kiefer" 1 1.57440341543406 -9.77318100165576 4.67973175304692 136.666908493431 0.0552448356835711 0.0552448356835711
"R" "R" 53 "Kiefer" 1 -5.02232537604868 5.08397551719099 1.25524622668841 68.5262923256906 0.014804345656089 0.014804345656089
"R" "R" 54 "Kiefer" 1 1.68975096195936 1.22165983077139 1.59726022759396 77.759808119437 0.0188398299517422 0.0188398299517422
"R" "R" 55 "Trauben-Eiche" 2 0.130652072839439 6.06257797218859 8.07380480061047 181.936270850201 0.0954015386368722 0.0954015386368722
"R" "R" 56 "Kiefer" 1 -0.418555038049817 -7.08718774374574 4.82855354122484 138.929961029612 0.0570040360348065 0.0570040360348065
"R" "R" 57 "Kiefer" 1 -9.34478460345417 -8.13852427061647 13.6827159938381 239.939971744627 0.161927356636948 0.161927356636948
"R" "R" 58 "Trauben-Eiche" 2 5.87729431688786 0.452951896004379 5.90162330940449 154.353807141061 0.0696929047175574 0.0696929047175574
"R" "R" 59 "Kiefer" 1 5.46295417938381 -2.39271457772702 6.40456448163752 161.120291070781 0.0756426802011013 0.0756426802011013
"R" "R" 60 "Eberesche" 5 7.30173467192799 2.47792887501419 7.07898929423612 169.8090454029 0.083623686494045 0.083623686494045
"R" "R" 61 "Kiefer" 1 -9.50021848082542 -9.76387544069439 0.944903519034006 59.0407683065315 0.0111432158670384 0.0111432158670384
"R" "R" 62 "Trauben-Eiche" 2 -7.29218890890479 6.2837223475799 5.15057407085973 143.715968311963 0.0608110868265234 0.0608110868265234
"R" "R" 63 "Trauben-Eiche" 2 5.31954319681972 -8.45851388759911 9.22111436702214 195.07048337725 0.108992806466482 0.108992806466482
"R" "R" 64 "Trauben-Eiche" 2 -9.25964325200766 -1.10155383124948 4.3069690037115 130.843412980149 0.0508390954668854 0.0508390954668854
"R" "R" 65 "Kiefer" 1 -0.161800561472774 -7.53077475354075 4.1127870267312 127.714785342703 0.0485443873330712 0.0485443873330712
"R" "R" 66 "Kiefer" 1 -6.02053434588015 -2.30140154249966 8.67445227216832 188.915635689472 0.10251586433061 0.10251586433061
"R" "R" 67 "Kiefer" 1 9.718475244008 -3.25809275731444 7.76697238142388 178.275668372331 0.0917681908676719 0.0917681908676719
"R" "R" 68 "Trauben-Eiche" 2 2.36507944762707 9.85819570254534 11.6998631811597 221.021274419735 0.138385848914108 0.138385848914108
"R" "R" 69 "Kiefer" 1 -8.2990294136107 -4.98094244394451 4.93590905412273 140.541931791099 0.0582731592337475 0.0582731592337475
"R" "R" 70 "Trauben-Eiche" 2 6.36123192496598 9.67997347470373 12.2655179209409 226.564107310872 0.145098999403453 0.145098999403453
"R" "R" 71 "Trauben-Eiche" 2 3.84448036085814 -7.28864886797965 6.3317200306897 160.15631424879 0.0747808310163688 0.0747808310163688
"R" "R" 72 "Kiefer" 1 -7.76093919295818 -3.55960145127028 3.53591374629786 117.980199434276 0.0417287468110953 0.0417287468110953
"R" "R" 73 "Trauben-Eiche" 2 -3.03583510685712 8.9233654178679 5.22854969204089 144.853293028868 0.0617330462330651 0.0617330462330651
"R" "R" 74 "Kiefer" 1 -0.740772653371096 0.665020425803959 1.11907282798764 64.5200964876953 0.0131978234393478 0.0131978234393478
"R" "R" 75 "Kiefer" 1 -3.16656072624028 4.01279363781214 22.3001647060367 310.019882311589 0.264535856369991 0.264535856369991
"R" "R" 76 "Kiefer" 1 -2.07420848775655 -7.44373402558267 7.08880452258479 169.932519895051 0.0837398597828711 0.0837398597828711
"R" "R" 77 "Trauben-Eiche" 2 6.97001789230853 -3.82007543928921 3.07844225190934 109.709302354497 0.036325354960947 0.036325354960947
"R" "R" 78 "Kiefer" 1 7.77101256418973 -5.99820749368519 3.32641363698234 114.2598975239 0.0392540820806297 0.0392540820806297
"R" "R" 79 "Kiefer" 1 7.00065592769533 7.66681156121194 5.13294994253874 143.457777338071 0.0606027101207092 0.0606027101207092
"R" "R" 80 "Trauben-Eiche" 2 6.96780228521675 3.53423780761659 7.55665971991355 175.726726080369 0.0892781333575829 0.0892781333575829
"R" "R" 81 "Trauben-Eiche" 2 4.2604463128373 -1.56956757418811 10.176304301355 205.422518146636 0.120314724826708 0.120314724826708
"R" "R" 82 "Kiefer" 1 -2.22920019179583 -1.61148004233837 9.19538367487809 194.784738592168 0.10868790135916 0.10868790135916
"R" "R" 83 "Trauben-Eiche" 2 -8.22999619413167 -1.23746280558407 2.81186273007257 104.618194457477 0.033177298526859 0.033177298526859
"R" "R" 84 "Kiefer" 1 2.22837436944246 8.22094986680895 10.0227185221456 203.790194904735 0.11849386330924 0.11849386330924
"R" "R" 85 "Kiefer" 1 7.6824724720791 4.45333075709641 3.3514875562936 114.710915836879 0.0395502460743906 0.0395502460743906
"R" "R" 86 "Trauben-Eiche" 2 0.870670108124614 -2.71633782424033 5.67163309668467 151.168375384783 0.0669726779110404 0.0669726779110404
"R" "R" 87 "Kiefer" 1 -2.19483305700123 -6.93841671105474 3.3437249980249 114.571458409208 0.0394585571285111 0.0394585571285111
"R" "R" 88 "Kiefer" 1 7.52591715659946 -6.66653125546873 11.1857373306363 215.871768575805 0.132286047377031 0.132286047377031
"R" "R" 89 "Kiefer" 1 8.39599756989628 8.59171616379172 2.96949908616151 107.655090607309 0.0350387814863646 0.0350387814863646
"R" "R" 90 "Kiefer" 1 -9.71013624221087 -3.39374469127506 8.74890594616952 189.764540685265 0.103397889183044 0.103397889183044
"R" "R" 91 "Trauben-Eiche" 2 3.40034246444702 -4.17467284016311 9.75433249130364 200.908949043886 0.115312337273545 0.115312337273545
"R" "R" 92 "Trauben-Eiche" 2 3.48336539231241 4.80537692084908 9.14592308649644 194.234398606534 0.108101812406841 0.108101812406841
"R" "R" 93 "Kiefer" 1 1.95739867631346 -9.44900597911328 6.19768762646772 158.368735418486 0.0731951352015419 0.0731951352015419
"R" "R" 94 "Kiefer" 1 5.58812555391341 4.20755095314234 9.74906739023375 200.852051370678 0.115249927926512 0.115249927926512
"R" "R" 95 "Trauben-Eiche" 2 0.483771390281618 -5.32594088464975 24.6180120561529 326.526589909743 0.292217145786635 0.292217145786635
"R" "R" 96 "Trauben-Eiche" 2 -9.59506353363395 -3.86352216359228 2.84555342345526 105.273919849572 0.033575128758806 0.033575128758806
"R" "R" 97 "Kiefer" 1 4.77570469491184 6.0826507024467 13.4361748463996 237.662134287591 0.158998892010088 0.158998892010088
"R" "R" 98 "Kiefer" 1 4.84022926073521 -2.78433007188141 6.67899903386649 164.706002846766 0.0788899255170777 0.0788899255170777
"R" "R" 99 "Kiefer" 1 1.55318054370582 -5.94986117910594 3.6291268103286 119.601709288082 0.0428298934040455 0.0428298934040455
"R" "R" 100 "Kiefer" 1 -5.43321005068719 1.50258273817599 2.30022699712477 94.1563466225551 0.0271366525112385 0.0271366525112385
"R" "R" 101 "Kiefer" 1 0.989334019832313 -6.60325750242919 5.45165930231855 148.063693530372 0.0643712433711292 0.0643712433711292
"R" "R" 102 "Kiefer" 1 1.54703056439757 -4.03797438833863 4.28186294799593 130.442738201197 0.0505423956636587 0.0505423956636587
"R" "R" 103 "Kiefer" 1 -6.23449392616749 3.74893557745963 5.632247253415 150.616752799422 0.0665068733901422 0.0665068733901422
"R" "R" 104 "Kiefer" 1 0.48080169595778 1.92836755421013 3.44712583756456 116.416661533654 0.0406799281796228 0.0406799281796228
"R" "R" 105 "Kiefer" 1 9.4759499002248 -2.02045833226293 10.4554385218843 208.359479968198 0.123624439904997 0.123624439904997
"R" "R" 106 "Kiefer" 1 7.25304361432791 -1.20395785197616 4.76367532813231 137.94752985959 0.0562371025372301 0.0562371025372301
"R" "R" 107 "Kiefer" 1 0.789732499979436 -7.75762690696865 1.26680389805476 68.8565719126341 0.0149407042482971 0.0149407042482971
"R" "R" 108 "Kiefer" 1 1.36558110360056 -5.15370490029454 9.16095812225119 194.40184037497 0.108279970113384 0.108279970113384
"R" "R" 109 "Trauben-Eiche" 2 0.0535427266731858 -9.87483876291662 2.17223251084193 91.3704323760436 0.0256257475159594 0.0256257475159594
"R" "R" 110 "Kiefer" 1 -7.8594812611118 -4.61126027163118 3.00791467787238 108.383474209337 0.0354924448236199 0.0354924448236199
"R" "R" 111 "Kiefer" 1 3.20721542928368 0.904015437699854 6.45315066244882 161.760354196121 0.076217540183688 0.076217540183688
"R" "R" 112 "Kiefer" 1 -6.6601511510089 -7.40269069094211 1.11132946796701 64.285504812019 0.0131064738375212 0.0131064738375212
"R" "R" 113 "Trauben-Eiche" 2 6.89786047209054 5.76613372191787 1.9440127882024 86.2017470843715 0.0229320030767422 0.0229320030767422
"R" "R" 114 "Kiefer" 1 7.66902620904148 -2.48617818579078 8.84616726258686 190.868336910648 0.104550162036805 0.104550162036805
"R" "R" 115 "Kiefer" 1 6.24601592309773 0.238456283695996 6.45587981304698 161.796239321611 0.0762498312919097 0.0762498312919097
"R" "R" 116 "Trauben-Eiche" 2 0.0842130370438099 -3.64155004266649 8.26164001797579 184.144617885733 0.0976260868345526 0.0976260868345526
"R" "R" 117 "Kiefer" 1 1.6417230758816 4.05948549509048 5.33081496154661 146.332745796268 0.0629422588820535 0.0629422588820535
"R" "R" 118 "Kiefer" 1 -6.14012659527361 -3.40905346907675 3.5078761195882 117.488499625105 0.0413975431803599 0.0413975431803599
"R" "R" 119 "Trauben-Eiche" 2 3.80645688157529 1.35963896755129 3.56721324943471 118.52691879376 0.0420984884711519 0.0420984884711519
"R" "R" 120 "Kiefer" 1 -5.38271013181657 -1.94459453690797 5.3745935079172 146.961954032717 0.0634599292643152 0.0634599292643152
"R" "R" 121 "Trauben-Eiche" 2 -5.64538150560111 -6.38180869631469 2.02729009341713 88.1196241549712 0.023914910272398 0.023914910272398
"R" "R" 122 "Kiefer" 1 2.35435864888132 -1.87502200249583 2.54657632307862 99.3183930757 0.0300449720366575 0.0300449720366575
"R" "R" 123 "Kiefer" 1 0.540342484600842 -6.74824260175228 14.3091935503417 245.641854938135 0.169370562233595 0.169370562233595
"R" "R" 124 "Trauben-Eiche" 2 7.77695848606527 -8.67763119749725 2.7437706680426 103.281406087641 0.0323732687558215 0.0323732687558215
"R" "R" 125 "Kiefer" 1 -3.1108794733882 -3.54952902998775 10.1951504930514 205.622008019557 0.120538169540437 0.120538169540437
"R" "R" 126 "Trauben-Eiche" 2 -3.77574009820819 -9.70957736484706 2.00766054212716 87.6709814329567 0.0236832221075884 0.0236832221075884
"R" "R" 127 "Kiefer" 1 0.66310360096395 -8.51873266510665 12.3274478151757 227.163505800789 0.145834105574749 0.145834105574749
"R" "R" 128 "Kiefer" 1 -8.31850256305188 -6.61616144701838 17.8623824690163 275.952476319491 0.211634506192798 0.211634506192798
"R" "R" 129 "Trauben-Eiche" 2 0.658693029545248 -0.643235552124679 12.0189306604081 224.163078911166 0.142172263014074 0.142172263014074
"R" "R" 130 "Trauben-Eiche" 2 -2.96737746335566 -9.38210423104465 1.65137860529967 79.1310065650425 0.019478452167812 0.019478452167812
"R" "R" 131 "Kiefer" 1 -7.99694424960762 -5.76305002439767 6.78723554438088 166.10089063283 0.0801707683012639 0.0801707683012639
"R" "R" 132 "Kiefer" 1 6.8780391709879 -2.18754356261343 19.7614850996207 290.973846060032 0.234257387828256 0.234257387828256
"R" "R" 133 "Kiefer" 1 -5.52879563067108 1.82432947680354 2.17585938826933 91.4504324394191 0.0256685593540316 0.0256685593540316
"R" "R" 134 "Kiefer" 1 9.86934780608863 -7.19574592541903 8.19075808578262 183.314103460858 0.0967865991853938 0.0967865991853938
"R" "R" 135 "Kiefer" 1 2.59334789123386 -7.62656256556511 5.28820175088335 145.717922688183 0.0624383802916147 0.0624383802916147
"R" "R" 136 "Kiefer" 1 -4.70232224091887 4.74868215154856 6.75111605983509 165.636587754469 0.0797433312098959 0.0797433312098959
"R" "R" 137 "Kiefer" 1 -7.64659265056252 -8.40351634193212 3.40489635432324 115.666293073335 0.0401811049750854 0.0401811049750854
"R" "R" 138 "Trauben-Eiche" 2 0.274655018001795 5.44704379048198 6.26137127076312 159.220346510325 0.0739485420621496 0.0739485420621496
"R" "R" 139 "Trauben-Eiche" 2 2.35788020305336 -6.5332901943475 8.29660025347029 184.552994907552 0.0980401491926311 0.0980401491926311
"R" "R" 140 "Kiefer" 1 9.61265108548105 3.29696850851178 12.6092041752511 229.872635886328 0.149178861286421 0.149178861286421
"R" "R" 141 "Trauben-Eiche" 2 -2.05841515678912 -6.58996513579041 14.9480219957993 251.33520602604 0.176963141393339 0.176963141393339
"R" "R" 142 "Kiefer" 1 -2.89166297297925 2.41696477867663 14.6601315037481 248.784092023124 0.173541187445834 0.173541187445834
"R" "R" 143 "Kiefer" 1 -1.77906683646142 -5.46375013422221 15.3259196833037 254.648718949321 0.181455767535427 0.181455767535427
"R" "R" 144 "Kiefer" 1 6.8616861756891 6.66126092895865 10.9706987588468 213.684627127319 0.129735251492557 0.129735251492557
"R" "R" 145 "Kiefer" 1 -9.30520808789879 -1.52298965957016 21.2333490234095 302.148877262277 0.251806985186715 0.251806985186715
"R" "R" 146 "Trauben-Eiche" 2 -1.00812079850584 3.3660943293944 7.16226813571473 170.854115527602 0.0846093968719602 0.0846093968719602
"R" "R" 147 "Trauben-Eiche" 2 8.45921877771616 6.67091008741409 9.23316105709233 195.204134135091 0.109135559542824 0.109135559542824
"R" "R" 148 "Kiefer" 1 2.64658296015114 -7.76566601824015 9.13690406143817 194.133892982274 0.107994942145643 0.107994942145643
"R" "R" 149 "Kiefer" 1 -3.09987904969603 -0.762344039976597 1.98348706442224 87.1156098660535 0.0233979052951872 0.0233979052951872
"R" "R" 150 "Kiefer" 1 1.26715666148812 3.52508117444813 4.38058898544884 132.011977636568 0.0517091496301787 0.0517091496301787
"R" "R" 151 "Kiefer" 1 -5.79025835264474 1.76249004434794 8.40317318628351 185.792871462759 0.0993024277899571 0.0993024277899571
"R" "R" 152 "Kiefer" 1 -1.76473895553499 5.42062346357852 6.62974088612226 164.067636622657 0.0783070426387182 0.0783070426387182
"R" "R" 153 "Kiefer" 1 -2.37845179159194 1.02585693821311 13.8458339938218 241.43633584986 0.163865122177153 0.163865122177153
"R" "R" 154 "Trauben-Eiche" 2 7.49141252599657 5.90682468377054 2.24815074846414 93.0319849583537 0.0265219079676972 0.0265219079676972
"R" "R" 155 "Trauben-Eiche" 2 2.71460546646267 -5.70752010215074 4.28546131399068 130.500233996749 0.050584920390264 0.050584920390264
"R" "R" 156 "Trauben-Eiche" 2 -1.26568728126585 -7.3122995486483 4.43597039989396 132.884901211757 0.0523636803945228 0.0523636803945228
"R" "R" 157 "Kiefer" 1 -7.85497623495758 -2.45612409897149 7.28388194130899 172.369930646597 0.0860489311576409 0.0860489311576409
"R" "R" 158 "Kiefer" 1 -4.85059184487909 -7.45691685006022 2.37223538509892 95.6913091273447 0.0279867190950859 0.0279867190950859
"R" "R" 159 "Kiefer" 1 6.77205383777618 5.64321729820222 8.49375084702267 186.840793290707 0.100375312215057 0.100375312215057
"R" "R" 160 "Kiefer" 1 -1.72992108855397 7.69830516539514 5.72879700982747 151.965761250845 0.067648756288869 0.067648756288869
"R" "R" 161 "Kiefer" 1 -1.19683887343854 5.80508124548942 4.57594986537352 135.068444601515 0.0540181307031859 0.0540181307031859
"R" "R" 162 "Trauben-Eiche" 2 -6.88796594273299 2.43104108143598 5.06380747370908 142.440756426742 0.0597852322105469 0.0597852322105469
"R" "R" 163 "Trauben-Eiche" 2 -7.51228786539286 -9.86369762104005 4.60161410448297 135.465319474073 0.0543214762397579 0.0543214762397579
"R" "R" 164 "Trauben-Eiche" 2 0.770184746943414 -5.09463801514357 7.25734187617773 172.040163352222 0.0857347700082018 0.0857347700082018
"R" "R" 165 "Kiefer" 1 5.31188249588013 -6.76479320507497 3.84970245836018 123.361697179833 0.0454358278259445 0.0454358278259445
"R" "R" 166 "Trauben-Eiche" 2 -3.44268281944096 -5.27431936468929 7.76445359027621 178.245336704784 0.0917383672079285 0.0917383672079285
"R" "R" 167 "Kiefer" 1 7.77082936372608 -2.87662518210709 12.82560242863 231.933850772912 0.151748095924168 0.151748095924168
"R" "R" 168 "Kiefer" 1 -6.54130710288882 -4.20780458021909 15.2801694635046 254.249650884382 0.180911817837682 0.180911817837682
"R" "R" 169 "Eberesche" 5 -0.606464450247586 0.316213401965797 13.8965328836533 241.899713210954 0.164467436573224 0.164467436573224
"R" "R" 170 "Kiefer" 1 -4.34649476315826 9.5811713160947 8.15913949771807 182.942530876087 0.0964121361129699 0.0964121361129699
"R" "R" 171 "Trauben-Eiche" 2 -0.355885331518948 -5.43385389726609 5.41604443534705 147.555466714044 0.0639500876377852 0.0639500876377852
"R" "R" 172 "Trauben-Eiche" 2 -9.30568339768797 8.63383349962533 0.943435236429248 58.9926217727524 0.0111258959481896 0.0111258959481896
"R" "R" 173 "Kiefer" 1 -1.52538713533431 1.52987230103463 3.44631381137427 116.402274121167 0.0406703362523676 0.0406703362523676
"R" "R" 174 "Trauben-Eiche" 2 5.33540022559464 -5.68991282954812 22.8812703926992 314.232021095374 0.271472524276355 0.271472524276355
"R" "R" 175 "Trauben-Eiche" 2 0.652785687707365 0.530640804208815 9.01750540632671 192.798873233772 0.106580186663333 0.106580186663333
"R" "R" 176 "Trauben-Eiche" 2 4.22426403034478 4.52274706214666 12.2707314587474 226.614622758764 0.145160882993476 0.145160882993476
"R" "R" 177 "Trauben-Eiche" 2 0.471382429823279 7.51524826977402 2.38334176886605 95.9260751588128 0.028117834128022 0.028117834128022
"R" "R" 178 "Kiefer" 1 -2.50851527787745 4.35194878373295 9.61196751664329 199.365294376671 0.113624891894669 0.113624891894669
"R" "R" 179 "Kiefer" 1 1.92076915409416 -3.54088329710066 10.4760453182345 208.574811939103 0.12386879632542 0.12386879632542
"R" "R" 180 "Kiefer" 1 -2.70458719227463 2.39820099435747 5.83486625293775 153.435377172293 0.0689032950493785 0.0689032950493785
"R" "R" 181 "Trauben-Eiche" 2 4.05017135199159 2.91597040370107 17.5601383191509 273.493009186523 0.20803621774546 0.20803621774546
"R" "R" 182 "Kiefer" 1 9.74883604329079 -2.8515072632581 2.52516158280298 98.8793703878302 0.0297921409353305 0.0297921409353305
"R" "R" 183 "Kiefer" 1 1.04042685125023 0.925277648493648 0.78423910685415 53.5415840350592 0.00924809548515694 0.00924809548515694
"R" "R" 184 "Trauben-Eiche" 2 6.86311974655837 -7.91423316579312 7.68343795928278 177.267226521397 0.0907791264599244 0.0907791264599244
"R" "R" 185 "Trauben-Eiche" 2 -8.7652076035738 -2.52921478357166 11.6814788675377 220.839013584564 0.138167700142697 0.138167700142697
"R" "R" 186 "Trauben-Eiche" 2 -6.65112758986652 9.36890316661447 15.9455038162052 259.998472470076 0.188823688754421 0.188823688754421
"R" "R" 187 "Kiefer" 1 2.19756891485304 7.17792752664536 7.85994953402027 179.392060089642 0.0928691125502613 0.0928691125502613
"R" "R" 188 "Kiefer" 1 2.07687691319734 -8.23829192202538 12.4941446167483 228.769833114784 0.147812916208964 0.147812916208964
"R" "R" 189 "Kiefer" 1 9.90725437644869 1.66767323389649 14.024756778099 243.068079275462 0.165990840446382 0.165990840446382
"R" "R" 190 "Kiefer" 1 -0.191632648929954 7.03677669167519 16.9420665212948 268.400056027947 0.200679778352721 0.200679778352721
"R" "R" 191 "Trauben-Eiche" 2 2.67993598710746 3.65441734902561 5.60182896743225 150.189470115192 0.0661471323860509 0.0661471323860509
"R" "R" 192 "Trauben-Eiche" 2 -8.64625431597233 4.78166953660548 12.9067491566907 232.70251401243 0.152711606466642 0.152711606466642
"R" "R" 193 "Trauben-Eiche" 2 -2.12450148072094 9.64001037180424 24.5509793803289 326.059861927655 0.291416105251056 0.291416105251056
"R" "R" 194 "Trauben-Eiche" 2 4.21571730170399 9.20743952039629 3.97363282605407 125.429348042675 0.0469001103988945 0.0469001103988945
"R" "R" 195 "Kiefer" 1 -0.313548091799021 -4.6144493855536 10.6563195686839 210.45008014895 0.12600661531596 0.12600661531596
"R" "R" 196 "Trauben-Eiche" 2 8.11486306600273 2.20215586945415 4.65945798264224 136.355983797844 0.0550051936049741 0.0550051936049741
"R" "R" 197 "Trauben-Eiche" 2 -2.0723321614787 3.34185400046408 5.33588125409677 146.405686582301 0.063002165888087 0.063002165888087
"R" "R" 198 "Trauben-Eiche" 2 -1.91046529449522 9.99078527092934 9.76700215994594 201.045804872571 0.115462516658972 0.115462516658972
"R" "R" 199 "Kiefer" 1 -5.96840782556683 -9.91618778090924 1.43203804657535 73.430746405634 0.0168902488043699 0.0168902488043699
"R" "R" 200 "Eberesche" 5 9.49728414881974 3.69955258909613 3.18589310287247 111.701789104094 0.0375943805341426 0.0375943805341426
"R" "R" 201 "Kiefer" 1 0.0584295904263854 -7.38602037541568 6.42215495195495 161.352289573259 0.0758508046313221 0.0758508046313221
"R" "R" 202 "Kiefer" 1 0.539480419829488 -8.05541865993291 9.46656027794411 197.777390658057 0.111901522961424 0.111901522961424
"R" "R" 203 "Kiefer" 1 4.9561802810058 9.66708480380476 10.4455359322502 208.2559304848 0.123507015486296 0.123507015486296
"R" "R" 204 "Kiefer" 1 7.03919858206064 -1.16423389408737 5.61291151975896 150.345273068387 0.0662781991818039 0.0662781991818039
"R" "R" 205 "Kiefer" 1 1.88068563584238 4.25821754615754 10.5426380608847 209.269303659381 0.124658475303153 0.124658475303153
"R" "R" 206 "Kiefer" 1 2.02450905460864 -0.648498563095927 11.7497937126169 221.515596451673 0.138978337081934 0.138978337081934
"R" "R" 207 "Kiefer" 1 -3.41005141381174 -0.20782106090337 3.80933513690017 122.681397662799 0.0449588947713585 0.0449588947713585
"R" "R" 208 "Kiefer" 1 -4.06020237132907 5.54499884601682 15.0034035808455 251.823277445002 0.17762148566308 0.17762148566308
"R" "R" 209 "Trauben-Eiche" 2 -8.8061635568738 1.36319417040795 9.46110512041993 197.71759335881 0.11183687102655 0.11183687102655
"R" "R" 210 "Kiefer" 1 8.30077699851245 -5.8120474498719 3.15645414547702 111.159115256216 0.037246690469181 0.037246690469181
"R" "R" 211 "Trauben-Eiche" 2 -0.711763552390039 8.40938816778362 2.29868896079368 94.1233138616115 0.0271184961991412 0.0271184961991412
"R" "R" 212 "Kiefer" 1 9.21799591742456 -8.01637461408973 4.46944564100781 133.410028049761 0.052759320552788 0.052759320552788
"R" "R" 213 "Kiefer" 1 7.5098495837301 -4.97527682688087 4.76606898256583 137.983888840293 0.0562653977395938 0.0562653977395938
"R" "R" 214 "Kiefer" 1 1.73318860586733 9.56195977982134 15.6952196781658 257.849523407024 0.185847078802692 0.185847078802692
"R" "R" 215 "Kiefer" 1 7.54090358503163 -5.599479903467 3.0438246260486 109.060360463716 0.0359165268196159 0.0359165268196159
"R" "R" 216 "Kiefer" 1 9.98802396468818 -0.335817113518715 3.20361531100393 112.027328864084 0.0378036921526295 0.0378036921526295
"R" "R" 217 "Trauben-Eiche" 2 -1.20866532437503 -7.84911851398647 15.8045324829433 258.790076228618 0.187147077379566 0.187147077379566
"R" "R" 218 "Kiefer" 1 -2.47641805559397 -5.11471998877823 1.03463220889879 61.9185197793573 0.0122016856374647 0.0122016856374647
"R" "R" 219 "Kiefer" 1 2.01827102340758 9.59127523936331 2.5638604330387 99.6714554676727 0.0302490374207596 0.0302490374207596
"R" "R" 220 "Trauben-Eiche" 2 2.53040326293558 -4.15329784620553 5.41101524354827 147.483571909074 0.0638906167079642 0.0638906167079642
"R" "R" 221 "Trauben-Eiche" 2 -4.30372525006533 4.04226901941001 2.39531154045853 96.1785098646347 0.0282591426780575 0.0282591426780575
"R" "R" 222 "Trauben-Eiche" 2 -5.88764813728631 1.99883144814521 11.9809955656981 223.791632666523 0.141722047722749 0.141722047722749
"R" "R" 223 "Trauben-Eiche" 2 -3.93062270246446 5.97281930036843 11.08210009059 214.820201018222 0.131056660817801 0.131056660817801
"R" "R" 224 "Kiefer" 1 3.28505094628781 -3.03054698277265 11.2044000846253 216.060639528415 0.132507439891735 0.132507439891735
"R" "R" 225 "Kiefer" 1 5.60396722052246 7.76527311652899 3.87597709683509 123.802675742348 0.0457462639237674 0.0457462639237674
"R" "R" 226 "Kiefer" 1 2.72086795885116 9.74502622149885 11.629350711423 220.321475751142 0.137549157976849 0.137549157976849
"R" "R" 227 "Trauben-Eiche" 2 -8.36601986084133 -5.52699877414852 10.051597651059 204.098027814335 0.118836232854115 0.118836232854115
"R" "R" 228 "Kiefer" 1 -9.32455902453512 -6.11932401545346 10.9656566386921 213.633100707442 0.129675445281065 0.129675445281065
"R" "R" 229 "Trauben-Eiche" 2 1.17704689502716 6.06220413930714 13.7590205355304 240.64100160448 0.162833797329412 0.162833797329412
"R" "R" 230 "Kiefer" 1 5.93135816510767 2.61917214840651 10.8969066739713 212.929404111772 0.128859996321543 0.128859996321543
"R" "R" 231 "Kiefer" 1 -7.5620107864961 4.50477325823158 15.6941171814103 257.840021432953 0.185833967796308 0.185833967796308
"R" "R" 232 "Trauben-Eiche" 2 6.40135303605348 9.16628296952695 7.61792941218173 176.472744417216 0.0900035238421895 0.0900035238421895
"R" "R" 233 "Trauben-Eiche" 2 -1.53859929647297 3.58005335554481 14.955728895473 251.403177458984 0.177054755365235 0.177054755365235
"R" "R" 234 "Trauben-Eiche" 2 -2.15944811701775 -6.03244346566498 6.4847067442786 162.174840140236 0.0765909123744112 0.0765909123744112
"R" "R" 235 "Trauben-Eiche" 2 -7.91222946252674 -6.12981630023569 3.07155773763144 109.580522734997 0.0362440494228279 0.0362440494228279
"R" "R" 236 "Trauben-Eiche" 2 -3.94974132534117 9.17843855917454 7.47079052065705 174.676328388613 0.0882615429856713 0.0882615429856713
"R" "R" 237 "Kiefer" 1 -3.56759865302593 -9.21173060778528 22.0827696597445 308.430708159965 0.26194137348246 0.26194137348246
"R" "R" 238 "Kiefer" 1 8.09059142135084 1.3395950384438 14.4118590405604 246.564858424775 0.170590578904943 0.170590578904943
"R" "R" 239 "Trauben-Eiche" 2 8.849958027713 7.06127350218594 8.19547897396527 183.36952343803 0.0968425098400142 0.0968425098400142
"R" "R" 240 "Kiefer" 1 3.49448579829186 -6.95950675290078 4.95841851599749 140.877796401715 0.058539268550322 0.058539268550322
"R" "R" 241 "Kiefer" 1 2.33671546448022 -7.61474302969873 8.73393042220995 189.594069692127 0.103220476846596 0.103220476846596
"R" "R" 242 "Trauben-Eiche" 2 -5.30187467113137 9.84038707334548 7.31791221428086 172.7919311011 0.0864517624151362 0.0864517624151362
"R" "R" 243 "Trauben-Eiche" 2 -5.83667167462409 -8.13778074923903 6.83771185928411 166.747782083004 0.0807681180034054 0.0807681180034054
"R" "R" 244 "Kiefer" 1 2.36292456276715 -1.94884369149804 7.17955654900169 171.070343254239 0.0848140327624949 0.0848140327624949
"R" "R" 245 "Trauben-Eiche" 2 3.76839200034738 -2.47712899930775 3.29440971922204 113.681870897075 0.038876069420047 0.038876069420047
"R" "R" 246 "Kiefer" 1 1.69534456916153 3.10420895926654 10.5757241870215 209.61358136066 0.125050832373747 0.125050832373747
"R" "R" 247 "Kiefer" 1 6.01803033612669 -2.49763794708997 6.28755589974805 159.569305855945 0.0742583259529358 0.0742583259529358
"R" "R" 248 "Trauben-Eiche" 2 9.68296933919191 5.62569608911872 5.07150812865488 142.554351157719 0.0598762762373207 0.0598762762373207
"R" "R" 249 "Kiefer" 1 -4.74070034921169 5.78649724833667 13.635419775112 239.504515682613 0.161365532088063 0.161365532088063
"R" "R" 250 "Kiefer" 1 3.31649048719555 7.68304354511201 14.7863939115589 249.905859621968 0.175041914372575 0.175041914372575
"R" "R" 251 "Kiefer" 1 5.17393642570823 -8.63449112977833 1.50392419918726 75.3419691961546 0.0177384658969283 0.0177384658969283
"R" "R" 252 "Trauben-Eiche" 2 -6.28721999470145 5.76930181588978 4.81440494072992 138.716250706911 0.0568367813158087 0.0568367813158087
"R" "R" 253 "Kiefer" 1 -0.625716894865036 -8.29651271458715 3.60452021914964 119.175602210659 0.0425392047893206 0.0425392047893206
"R" "R" 254 "Trauben-Eiche" 2 2.77277676854283 9.92409363854676 2.69163111810687 102.247103316977 0.0317576263570558 0.0317576263570558
"R" "R" 255 "Trauben-Eiche" 2 -7.20068204216659 -3.30962694715708 14.2609739595791 245.207255284888 0.168797572496229 0.168797572496229
"R" "R" 256 "Kiefer" 1 -2.92033501900733 5.86546382401139 5.53711346240427 149.276732230151 0.0653817963331324 0.0653817963331324
"R" "R" 257 "Kiefer" 1 7.41669307928532 -3.63961986266077 17.145074566639 270.082452421465 0.203095754616873 0.203095754616873
"R" "R" 258 "Trauben-Eiche" 2 5.88357056025416 -9.72569259814918 3.87536779918585 123.792465762254 0.0457390649922661 0.0457390649922661
"R" "R" 259 "Kiefer" 1 1.92192050162703 -9.44293640553951 19.0474289883212 285.409956800223 0.225748506017837 0.225748506017837
"R" "R" 260 "Trauben-Eiche" 2 3.79346953239292 6.46734214387834 8.69560017052678 189.157110562985 0.10276639190857 0.10276639190857
"R" "R" 261 "Trauben-Eiche" 2 8.27379457652569 3.03242604713887 17.8908166623982 276.182833592246 0.211973052641769 0.211973052641769
"R" "R" 262 "Trauben-Eiche" 2 -1.84068224858493 -2.00907937251031 5.03472187705136 142.010963153357 0.0594413597698964 0.0594413597698964
"R" "R" 263 "Trauben-Eiche" 2 -2.23256742581725 0.11867999099195 9.14387731081994 194.21160515788 0.108077571094897 0.108077571094897
"R" "R" 264 "Kiefer" 1 -0.780835538171232 -7.82249181997031 9.55236000333827 198.715747848521 0.112918406033727 0.112918406033727
"R" "R" 265 "Kiefer" 1 -4.26153528504074 -6.38354749418795 10.623329330479 210.108039593676 0.125615378020991 0.125615378020991
"R" "R" 266 "Kiefer" 1 7.92152490932494 4.44347416050732 8.19701665046804 183.387571424696 0.096860720957177 0.096860720957177
"R" "R" 267 "Kiefer" 1 7.833082950674 -7.26904707960784 4.97470611213991 141.120372503847 0.0587318243484265 0.0587318243484265
"R" "R" 268 "Kiefer" 1 2.51374496147037 7.1379276085645 5.38839694702295 147.159838661491 0.0636231540741818 0.0636231540741818
"R" "R" 269 "Trauben-Eiche" 2 3.82948604878038 -4.58361730445176 7.50935064676215 175.148722500464 0.0887180436073574 0.0887180436073574
"R" "R" 270 "Kiefer" 1 -9.49107698630542 -8.02544441539794 12.6637207944077 230.393486572472 0.149826092792376 0.149826092792376
"R" "R" 271 "Kiefer" 1 2.38201974425465 -9.37687864992768 17.7613182015926 275.132298177082 0.210431245857993 0.210431245857993
"R" "R" 272 "Trauben-Eiche" 2 5.00241003464907 -5.94995117746294 6.72699194675088 165.325822993843 0.0794578517817647 0.0794578517817647
"R" "R" 273 "Kiefer" 1 -9.6946750395 -8.47585533745587 9.39522002698925 196.994088081432 0.111056047511166 0.111056047511166
"R" "R" 274 "Trauben-Eiche" 2 2.92433748021722 6.08987492509186 7.13907468446458 170.563642856807 0.0843348685150566 0.0843348685150566
"R" "R" 275 "Trauben-Eiche" 2 2.6841353205964 1.10412346199155 7.19699395276123 171.288183825901 0.0850204341642378 0.0850204341642378
"R" "R" 276 "Trauben-Eiche" 2 4.35689033474773 4.73767125979066 3.37487592886322 115.130171504415 0.039826504695448 0.039826504695448
"R" "R" 277 "Trauben-Eiche" 2 8.43097041361034 -2.65411148313433 1.78903631850298 82.5255507600501 0.021102963653783 0.021102963653783
"R" "R" 278 "Kiefer" 1 1.67785511352122 -4.5519534079358 7.74219764007267 177.977123613314 0.0914748481923626 0.0914748481923626
"R" "R" 279 "Trauben-Eiche" 2 -9.38091893680394 6.82495862711221 7.71461496596113 177.644207436291 0.0911482631921818 0.0911482631921818
"R" "R" 280 "Trauben-Eiche" 2 -5.28921952936798 -7.95995688065886 2.42796546338186 96.8641268114868 0.0286446417046228 0.0286446417046228
"R" "R" 281 "Kiefer" 1 7.94530425686389 -8.44117777887732 2.95082375652903 107.299376785499 0.0348182413719568 0.0348182413719568
"R" "R" 282 "Kiefer" 1 -2.75680505204946 -0.833266549743712 11.7710582372102 221.725816136426 0.139230672176298 0.139230672176298
"R" "R" 283 "Kiefer" 1 0.507697248831391 6.51000905316323 4.38215118333198 132.036672714501 0.0517276123477235 0.0517276123477235
"R" "R" 284 "Trauben-Eiche" 2 -6.9609142607078 8.85215955786407 4.09259922270303 127.385530616562 0.0483058359373476 0.0483058359373476
"R" "R" 285 "Kiefer" 1 8.95124174654484 6.43146575894207 17.3335606674605 271.63604235053 0.205339147116874 0.205339147116874
"R" "R" 286 "Kiefer" 1 -6.79755279328674 9.39188764896244 11.0749182208423 214.747156466857 0.130971469186501 0.130971469186501
"R" "R" 287 "Kiefer" 1 -9.88376814872026 1.15047203376889 11.1286575825539 215.293177940506 0.131608935829965 0.131608935829965
"R" "R" 288 "Trauben-Eiche" 2 -9.58256332669407 -9.0294514130801 8.45705478957499 186.41688818866 0.0999406442034535 0.0999406442034535
"R" "R" 289 "Trauben-Eiche" 2 3.83595943450928 -8.23025213554502 5.14761010957124 143.672576112041 0.0607760426545828 0.0607760426545828
"R" "R" 290 "Trauben-Eiche" 2 -6.45882599521428 4.58642070647329 4.9149511310992 140.22856255251 0.0580253953453989 0.0580253953453989
"R" "R" 291 "Kiefer" 1 -6.1818543355912 -7.06714220810682 4.4391407673597 132.934715413666 0.0524011503027613 0.0524011503027613
"R" "R" 292 "Kiefer" 1 7.11456674151123 3.82225777488202 9.7318916950369 200.666339421232 0.115046338802668 0.115046338802668
"R" "R" 293 "Kiefer" 1 2.3835253668949 0.826867069117725 4.0196475572202 126.189233905036 0.04744381672387 0.04744381672387
"R" "R" 294 "Trauben-Eiche" 2 -7.30913047678769 -8.29259353224188 10.8647400246419 212.59943473849 0.128478475631208 0.128478475631208
"R" "R" 295 "Kiefer" 1 0.315081980079412 5.63494498841465 4.25729879712921 130.04962944042 0.0502521039881069 0.0502521039881069
"R" "R" 296 "Kiefer" 1 4.32770520448685 -8.69662539567798 12.7995275988701 231.686366153718 0.151438500759884 0.151438500759884
"R" "R" 297 "Kiefer" 1 -0.763766346499324 -4.03698966838419 1.36103111367125 71.4975744361762 0.0160524390612808 0.0160524390612808
"R" "R" 298 "Kiefer" 1 -9.10732747521251 7.62745582964271 4.70769617756931 137.09473050857 0.0555753880051743 0.0555753880051743
"R" "R" 299 "Kiefer" 1 1.69894403312355 2.78601911850274 12.6492977169267 230.255792652204 0.149654857434047 0.149654857434047
"R" "R" 300 "Eberesche" 5 5.99847018253058 -0.856844829395413 3.89779194616933 124.167725100759 0.0460040108178116 0.0460040108178116
"R" "R" 301 "Trauben-Eiche" 2 8.59664698131382 -8.98338789120317 4.34812524823444 131.497843038105 0.0513254830038774 0.0513254830038774
"R" "R" 302 "Eberesche" 5 -6.42231614328921 -9.06681108754128 1.67555329680916 79.7366099364921 0.0197637310188693 0.0197637310188693
"R" "R" 303 "Kiefer" 1 -3.30978670157492 1.58517749048769 2.81704513214417 104.71930220021 0.0332384934683312 0.0332384934683312
"R" "R" 304 "Kiefer" 1 7.61982863768935 -1.69904290698469 9.97501594272318 203.280791143732 0.117928348784463 0.117928348784463
"R" "R" 305 "Kiefer" 1 9.97449425980449 -0.240702317096293 3.07292307412389 109.606073201733 0.0362601739081317 0.0362601739081317
"R" "R" 306 "Kiefer" 1 -0.347326090559363 4.13629422429949 5.93000468868323 154.742775373353 0.0700286115271692 0.0700286115271692
"R" "R" 307 "Trauben-Eiche" 2 3.76047813799232 -1.68734820559621 4.62268559107794 135.790385464879 0.0545705396809431 0.0545705396809431
"R" "R" 308 "Kiefer" 1 4.44148291368037 0.5310919880867 6.28420961199347 159.524748843132 0.0742187365985383 0.0742187365985383
"R" "R" 309 "Kiefer" 1 3.54032914619893 7.4144729366526 16.6883596451322 266.283969691253 0.197660818235736 0.197660818235736
"R" "R" 310 "Eberesche" 5 -3.28343519475311 -2.68537832889706 4.97198612296396 141.079889171829 0.0586996678755296 0.0586996678755296
"R" "R" 311 "Trauben-Eiche" 2 9.45775977801532 -1.61025495734066 6.58643808973624 163.504584553797 0.0777946438409099 0.0777946438409099
"R" "R" 312 "Kiefer" 1 1.06890804599971 9.03622820042074 24.3952778389912 324.973416268797 0.289555584623992 0.289555584623992
"R" "R" 313 "Trauben-Eiche" 2 -0.0941163673996925 -8.01790358498693 2.9048568391223 106.419246088057 0.0342754199748183 0.0342754199748183
"R" "R" 314 "Kiefer" 1 9.5637463638559 -6.14289482589811 3.74894174159851 121.657171865626 0.0442453768675796 0.0442453768675796
"R" "R" 315 "Trauben-Eiche" 2 -0.324214808642864 -8.68964082561433 0.670752727589856 49.3262417523424 0.00790956587441045 0.00790956587441045
"R" "R" 316 "Trauben-Eiche" 2 -8.91124785412103 6.76466804463416 2.72146657280065 102.840109061622 0.0321099089896305 0.0321099089896305
"R" "R" 317 "Trauben-Eiche" 2 5.91935714706779 7.24123794585466 17.9296612746198 276.497248903031 0.21243555732171 0.21243555732171
"R" "R" 318 "Trauben-Eiche" 2 -2.02068102546036 -9.11818737629801 8.84168637934924 190.817611566178 0.104497074828275 0.104497074828275
"R" "R" 319 "Trauben-Eiche" 2 -8.10784932691604 4.14023730903864 6.9113690428368 167.68769393847 0.0816398258452037 0.0816398258452037
"R" "R" 320 "Kiefer" 1 -4.36833132524043 0.650367750786245 5.18560713942063 144.227953645745 0.0612253019955483 0.0612253019955483
"R" "R" 321 "Trauben-Eiche" 2 -7.78625981882215 -0.676671639084816 0.867453291774846 56.4504680746415 0.0102296291297589 0.0102296291297589
